366.053 416.097
11.1478 316.926
490.184 507.286
426.309 441.969
552.711 554.312
512.185 524.256
736.626 743.06
555.703 699.533
786.928 809.336
743.412 759
855.385 864.63
809.737 825.049
934.068 950.879
863.712 902.937
961.1 1048.78
863.679 903.221
1276.16 1279.39
1084.69 1246.17
1353.04 1454.06
1280.87 1313.75
1614.2 1717.3
1455.29 1582.42
1918.65 1999.21
1730.18 1889.83
2240.12 2341.6
2014.8 2215.18
2472.78 2589.5
2354.8 2452.75
2714.05 2824.8
2596.89 2694.46
3476.22 3588.35
2832.5 3458.2
3801.16 3804.08
3595.79 3772.42
3875.42 3877.79
3805.95 3830.78
3931.23 3933.25
3879.23 3892.52
4018.48 4114.11
3934.32 3952.9
4398.2 4401.74
4114.29 4342.25
4477.97 4589.84
4403.05 4422.03
4793.5 4798.94
4613.36 4749.42
4876.56 4983.54
4799.85 4829.59
5765.38 5810.91
4997.62 5744.69
6101.77 6251.66
5853.83 6063.45
6424.1 6534.28
6272.74 6392.73
6697.99 6806.18
6539.61 6670.85
6947.89 7089.2
6811.02 6923.26
7224.93 7340.22
7091.37 7213.13

